$ANSIBLE_VAULT;1.1;AES256
30383134336465343965323162373039323665303039303464303336386264393435393662613931
3137653863343336643936323235656163663336336439350a343131393365336234333538323236
32613134333063336363616635643530373064626539656531333939313361653130366230383466
6564383037306161630a373436383032306331346133333035646331356534646261336239343435
64613762313633333739383364623364663530353734333961656666326138336636346362316430
31376663333732353034393834656661653262396566313362623434353261393134666130313235
62356631356335633563363931643261346166393633333366356164663730616339626661386433
36393333656536323430323839646561643636373530363362346164623733353364663737326463
66326162306363386137333234643436663934333336346138626139663730383230393232343236
34623333326131626662323533613837386130663430333435306139376266313362303434306432
39643931353665656239373430653163663063363039323361346236613066633734383830303862
30313839343861306430313863316139363361316461306235623261303765623132356265353337
39326633373337393166616131613937653533663666376630633632396233613462326338303731
65656636626238306530323231313932613837643634356331616261383161633664616539623763
34626161636663366233663432393861303033653461383963393263316331643031633334633532
66313534316334663334383831366236313965636334613933353362653337663661396330313665
64353136383361346535383430646237373463656236623234366533393336366364653730626135
33633164653232663736653039393535316261373661323166323831616633306266393761303833
64343035653030643234323362626563663637643365613861666439346533363565383162663038
61353437343636326263393464313764353131366534306237633237363739363062376130386164
30373864306438383665356331363939353832333361366561633035313438313235656634393233
38653565326530633961653434663339323730313338343536333030666138323536303737353739
65326539353637653965353739393034616264346361333364303866643433633331393030616130
61353036663665326431
