$ANSIBLE_VAULT;1.1;AES256
31636437373262316430623263643864336631396236646165373166353036643233653136633433
3733666634633531353234343633626631326431613537640a653136306239663533366164623763
34636363613662363831333833353262383963623263346138373666363665323935663931636462
6566636365656564610a653465323738623066643739383961616263623534363566666138346561
64653938313632383338393238653566663665376366643333343564353637316632363338393639
61363039643939333665666533626333326135323035626366636266366362383037306239303664
63326631613665613264326436623038326630326338653061656639383463343634313136333239
38313034663439613431356362363663383963363232363036343664636336306131653731343731
35623062383136326532396236353135353032343935323633366663643330396564663166653737
62633231653637363935343430663635346236656530393430666361383338646335343332613637
34643365353065626638633336616231653133323334666532333237386432396162623663666465
35393264636462613665663962383330376464643564386661323437376336333165386562633538
30303735363565313465663437306337656130303533656232396139353863353163613865353433
63636262393630616135333932633337373935343663303030363762333636333938363339333563
38373762323036613865623231636631366365353561623738633834663432303164666463643563
61633439663766386135326135353061383030623732333133343336346165336462303331616536
30306266333561303033626336303765343464666237633139326636336465653837643237386233
34623737663934666435333433353531626435396633373530343866363134303538353063313065
36653332626266383638363562326663353931316662383936623335366534623439633133353230
38336334626336613038326431343937373235363132376662626530316430383361333736636436
32326462363233316237386436636466613632313831333865386361383763303663333039373764
37633937373637303639333339666332323839643164663165306235636164636534633363666463
39623966666264323163613737653537633866363566656534306638303761616664613466326661
63336438363632333836616336656537663938633563623030326435366265323332656564376531
34616633353939376533633938356539663634653134376265383064663534356630323132626130
30663339616235643662646638306636653433616135336235363734336135383065613236313439
65373133316438643834346563356339346434356337363937646461643537303331616536643834
64383962303238343539356366313362613833326238356630326166396636633334336634626562
61343839373134373764633331363036383465656437356662376365383265373465
