$ANSIBLE_VAULT;1.1;AES256
65383161313337656465353439306639313338663961653665633833616534306134373837303038
3331303032363661313262373238663265613831393238310a383761636463616337356531343739
64656333313232333062353463633462396334653964663838646439383335343031353335353236
3635306233333136650a386336653436333366626237396330343333663531326266366330643636
30316161313934636463313234633036396464383838623363393662626664336537373738316365
31386666333739336439396666343730623564613034316135396262333734663561636231373665
32396530333938336533353934633836386636313339373463373064633066623461653033313866
32303431326438633562353638656235373862663530353932623436393735656335396235626365
65646631313166383936353665643239343737623537316566373737346462643461326534303031
62663831356464373133653436613739316662326335666430336364323661653530343734363562
61353164646230396630306135653862313238323337346464353234353631623862663664646362
63386535346666366663636138633738386365663638346662303734366561313738633735623330
37653261313638333930313864316632383261386539303239373030393730326439303435303333
30333761633939633430643231396363613638626365653236376634613537653665636262313236
36633165363762316265656635616531623732373261336237663362386134643761626564656633
33656337356230633739316638343933353966646435323633616231333734306433306665393733
39633139363835373866393364316534306163373666643361333036343336626238636565373765
30626332663466613335643830316334383238643630396563613162653137323262323133323831
38353465656532373033613534666361363933616361316565343736633034303337373332396661
30386335343461663035353630666562386266663039363463316161656566323766306663346236
39653964616632626361323938336439386533333061376137363236303636656666366565366333
37386237663330343931646230396664376564386266663462383161386366363062636334316634
64636165363336353062623030633731373236303639393830383465396238623933336436616235
34643730373163636339356332663635343733646339373334303936663264633036316366646235
33626133353036656461376662643065663131343464633937306132333362356535643735666232
32353736623432656535366439663764633530303366383539306231376632393564643165616365
32623134313963303662336535343031353633306534383334383632333234616263626264376562
38366566653537636562653166613833613930333930643762653939323361326130626330393966
61653633383131323336666130653063353763396231326261393832623939663562343436373565
31626333313031363763393537306466623336616633323363323266303937383632383364663334
38343638613135336236353738393634343165323531356138616162303031373430383935646631
62313833616639633036646664316564356231373637336562356661373164646333353861626361
32326566303461393535303439396135663232353232616261383433626638383439386132396431
64643235623162386565393131313039333365396538336262636562616463653131383162346562
61376165346632326266663534383066633465616639616639336639653834633261373461346263
39633039323961373163643763626266646437666436373761386261373838336531313065323264
66353966326433613439656665303432633037343162626437313338373861333338326139356338
30306463653366343265666230303861393264323665376561303565626535353638313461386331
35323130336136346566316161393237613532623430393734333432316233393735663439613235
64396365393965303237643662316434346531666236646139613930353832323830383931633235
66633339646163613638646363336133386361623537383432656236363436653730616637373362
36396536663738393030313164303662393534666135326631336631643166363065633564613165
36323031336430653165646338633635303064303764646535373934343733626438383736313664
65323231303434353030656138333530313965303032663131616135393261653132363733623761
31653431393461663837393538326530613666376136656332326335336531333165653362373966
37663231343539363334363031613661633666393366663961613335643633376232306537333639
64326165633037306363313264336665346233316362646561333037636230633430303562323861
34393335393337373337363432616435303634623335633531323263653139666336616465333763
64663834356464653064303862306438313437653061643831366665633464656238633131386363
34333861626336626563653764666639643665316238376633633561373732383961323134333731
34363435623838303737623735623361626630663831343739643863316131346334393766626365
62313039613863373332333464373934333262326537623165356134313131306639653233303761
32303763636236386439336533303862333332623532376237363333303731396263366662313264
35626633303537313465646235366136376366643165633561333932303666363163623563636336
64306133346330353264633037373039653862343830366230643938646631363433346664633333
32633162366633636362353163363039316132303062623534636539363736383832386134306634
64663037393439333239313266383336306636383938633730393435623630316534393436306564
65383839366634383931623162373465656337306237633465333237316633313138323266623535
34353538653562626230626563646136633939346237643839313166333062373835653836313436
37613637363034313136353562363565633830633261666532616138663062336533633263623130
31323631333766333538666131363762353834663835616561393262303062613961316166306633
63613064303463303137323566626262633534393136636433353163356464663463353635393735
63386165383737386539626339633238363935623137346661393638373333643263306135636633
61386633393938313636663163303031653532383436646632356538633162306463643733633764
63663932303831333330373638373362333564363638343831633732653130663531383835316339
65333837383964333635336266386632306565383734336433323961386561613635643839363938
35626330343736616564343365646666326330326263353835316631663939313332653330396663
66313230313263353566353463316435633430613436666139666232323035316466353131343762
63343931663235353762336165373663343564613665643366373062376137356634636165663961
37613934663234623461366633303066376632386539326130333934643239326437636163613733
35333838633062326139663662373939666464626338333734623464323332653963366131626335
65383737623166613961383339643735366166303365303366386237306363326361383365613537
36383665343238343837303564393062626636383365326666306261633739643439323938356561
36616231313433306533323264363538333534323337363234353965383364663439613031383335
31373263653265393331306236346466333434303237303635323131386663386338306365653066
37623064386263363666306266303633363866633334653734323737396466643635623061643164
32336565646263613663313231373630666565646132633833383535303031633563656566396266
61663930626163633830373930613162616231356334363639366632343035666566333733336363
34383536343534383837643763306562316534343131366136313835623936613030643134613530
64656339616336383936386232666661643136313433613766613562323261633163313839656264
65653434376132646432646430643266373966663535646530363863383461333330653134373538
39626632396331666665623133306436643937323238366432393064363033383334656534353338
36373739333837373630613933666430666235326165636463613431383362653336623962306434
61633833343466653261323565333666333266353262386230666539373938326436313063613234
37643862626436303861396333376537356136623937626234373735356137646135653230636266
33323661343436633032356566373034343137633934386231616338643031316265386133336439
37653862396432616365376562386439666330646561616232366464383262366533323632343461
36363665396466373561643933303937646665656661643366666137623336393961653965613838
66653937393132353261326334623663656665656461396532343665396566613530316331383039
37333038363863663834306530643366343531633931343664306566613335643533383239363633
33663230393932326561356535646164333164306165396362333761396137613661626530663831
34646637393761633539613832643763383863343765666438373763363137356236623264636362
35373961613736653133613636636531323838306661616136336464303930363965333236313438
63646137386438306138613634383635356333376435323965643039633736396165393530383861
336466626338396133333632663630346134
